 0.04  0.04     47.11    0.25511495383    0
 47911169050921.63  -47911169050920.22     36.68    0.25511495383    1
 0.04  0.04     59.81    0.25511495383    4
 0.05  0.05     75.61    0.25511495383    6
 0.01  0.01     101.4    0.25511495383    11
 1827289338972.45  -1827289338972.47     118.82    0.25511495383    14
 747353409481.59  -747353409481.61     105.56    0.25511495383    16
 1862618308875.58  -1862618308875.61     129.58    0.25511495383    18
 -6439190932166.19  6439190932166.17     139.82    0.25511495383    23
 0.0  0.0     136.71    0.25511495383    25
 0.01  0.01     141.46    0.25511495383    29
 0.01  0.01     164.24    0.25511495383    31
 15837573583848.01  -15837573583847.99     192.35    0.25511495383    33
 0.01  0.01     208.32    0.25511495383    37
 3489640338879.72  -3489640338879.71     213.69    0.25511495383    41
 -14606373462658.01  14606373462658.03     204.3    0.25511495383    44
 108121041477.56  -108121041477.53     196.64    0.25511495383    45
 0.0  0.0     209.84    0.25511495383    46
 0.01  0.01     228.69    0.25511495383    50
 -373156416169.53  373156416169.51     365.17    0.25511495383    52
 -1187547892579.78  1187547892579.76     380.83    0.25511495383    56
 -1762329147628.91  1762329147628.87     470.68    0.25511495383    58
 -1175168745839.56  1175168745839.52     497.75    0.25511495383    60
 -929831299397.1  929831299397.08     420.35    0.25511495383    65
 -6871616711067.78  6871616711067.74     477.64    0.25511495383    66
 -1849581876673.54  1849581876673.55     341.04    0.25511495383    67
 -15345666767578.39  15345666767578.44     306.55    0.25511495383    71
