 1.26  -0.02  0.19  0.0  0.0  0.0  0.0     -0.17    0.25511495383    0
 -0.01  0.46  0.24  -0.05  -0.05  -0.05  -0.05     -0.0    0.25511495383    1
 0.24  0.53  0.26  -0.12  -0.12  -0.12  -0.12     -12.22    0.25511495383    3
 0.95  0.1  0.1  0.04  0.04  0.04  0.04     -7.02    0.25511495383    8
 1.08  -0.18  0.14  0.05  0.05  0.05  0.05     16.09    0.25511495383    11
 1.1  -0.38  0.24  0.01  0.01  0.01  0.01     46.7    0.25511495383    14
 0.95  -0.25  0.55  -0.21  -0.21  -0.21  -0.21     11.67    0.25511495383    17
 0.97  -0.32  0.64  -0.26  -0.26  -0.26  -0.26     5.05    0.25511495383    18
 1.03  -0.17  0.46  -0.13  -0.13  -0.13  -0.13     -24.35    0.25511495383    23
 1.17  -0.11  0.44  -0.08  -0.08  -0.08  -0.08     -122.98    0.25511495383    26
 1.22  -0.68  0.69  -0.23  -0.23  -0.23  -0.23     -1.81    0.25511495383    28
 1.31  -0.71  0.47  -0.08  -0.08  -0.08  -0.08     31.05    0.25511495383    32
 1.36  -0.48  0.08  0.18  0.18  0.18  0.18     44.47    0.25511495383    33
 1.47  -0.49  0.04  0.24  0.24  0.24  0.24     -7.03    0.25511495383    36
 1.49  -0.77  0.31  0.01  0.01  0.01  0.01     32.23    0.25511495383    39
 1.46  -0.71  -0.11  0.27  0.27  0.27  0.27     163.85    0.25511495383    44
 1.54  -0.13  0.68  -0.25  -0.25  -0.25  -0.25     -361.48    0.25511495383    47
 1.75  0.28  1.49  -0.88  -0.88  -0.88  -0.88     -882.89    0.25511495383    49
 1.58  -0.01  0.08  0.07  0.07  0.07  0.07     -268.08    0.25511495383    52
 1.31  -0.21  0.03  0.15  0.15  0.15  0.15     -45.53    0.25511495383    54
 1.26  -0.09  -0.19  0.46  0.46  0.46  -0.12     -50.78    0.25511495383    58
 1.18  0.02  0.02  0.28  0.28  0.28  -0.2     -137.56    0.25511495383    62
 0.87  -0.07  0.37  0.14  0.14  0.14  -0.74     -24.34    0.25511495383    65
 0.92  -0.12  0.11  0.09  0.09  0.22  0.04     49.97    0.25511495383    68
 0.91  -0.02  0.19  -0.01  -0.01  0.26  -0.23     57.61    0.25511495383    71
