 0.39  0.21     146.72    0.25511495383    18
 -0.09  0.75     32.94    0.25511495383    19
 -0.53  1.56     -2.17    0.25511495383    20
 -9.48  4.71     0.97    0.25511495383    21
 0.0  0.0     0.0    0.25511495383    22
 0.0  0.0     0.0    0.25511495383    23
 0.0  0.0     0.0    0.25511495383    0
 0.0  0.0     0.0    0.25511495383    1
 0.0  0.0     0.0    0.25511495383    2
 0.0  0.0     0.0    0.25511495383    3
 0.0  0.0     0.0    0.25511495383    4
 1.63  0.13     0.25    0.25511495383    5
